,date,nums,increment,ratio
0,2018-04,41,-325,-0.887978142077
1,2018-03,366,-4,-0.0108108108108
2,2018-02,370,138,0.594827586207
3,2018-01,232,-45,-0.162454873646
4,2017-12,277,-57,-0.170658682635
5,2017-11,334,-33,-0.0899182561308
6,2017-10,367,-27,-0.0685279187817
7,2017-09,394,33,0.0914127423823
8,2017-08,361,61,0.203333333333
9,2017-07,300,-151,-0.334811529933
10,2017-06,451,-28,-0.0584551148225
11,2017-05,479,221,0.856589147287
12,2017-04,258,-255,-0.497076023392
13,2017-03,513,186,0.56880733945
14,2017-02,327,-81,-0.198529411765
15,2017-01,408,155,0.612648221344
16,2016-12,253,112,0.794326241135
17,2016-11,141,-214,-0.602816901408
18,2016-10,355,-75,-0.174418604651
19,2016-09,430,92,0.272189349112
20,2016-08,338,-9,-0.0259365994236
21,2016-07,347,-30,-0.079575596817
22,2016-06,377,10,0.0272479564033
23,2016-05,367,47,0.146875
24,2016-04,320,64,0.25
25,2016-03,256,-55,-0.176848874598
26,2016-02,311,61,0.244
27,2016-01,250,23,0.101321585903
28,2015-12,227,55,0.31976744186
29,2015-11,172,-111,-0.39222614841
30,2015-10,283,17,0.0639097744361
31,2015-09,266,-82,-0.235632183908
32,2015-08,348,101,0.408906882591
33,2015-07,247,-92,-0.271386430678
34,2015-06,339,-34,-0.0911528150134
35,2015-05,373,205,1.22023809524
36,2015-04,168,-217,-0.563636363636
37,2015-03,385,221,1.34756097561
38,2015-02,164,-40,-0.196078431373
39,2015-01,204,-55,-0.212355212355
40,2014-12,259,111,0.75
41,2014-11,148,-138,-0.482517482517
42,2014-10,286,18,0.0671641791045
43,2014-09,268,102,0.614457831325
44,2014-08,166,-143,-0.462783171521
45,2014-07,309,-85,-0.215736040609
46,2014-06,394,223,1.30409356725
47,2014-05,171,-83,-0.326771653543
48,2014-04,254,-43,-0.144781144781
49,2014-03,297,84,0.394366197183
50,2014-02,213,-28,-0.116182572614
51,2014-01,241,10,0.04329004329
52,2013-12,231,83,0.560810810811
53,2013-11,148,-111,-0.428571428571
54,2013-10,259,-31,-0.106896551724
55,2013-09,290,54,0.228813559322
56,2013-08,236,-207,-0.467268623025
57,2013-07,443,-41,-0.0847107438017
58,2013-06,484,131,0.371104815864
59,2013-05,353,-232,-0.396581196581
60,2013-04,585,281,0.924342105263
61,2013-03,304,-50,-0.141242937853
62,2013-02,354,-139,-0.281947261663
63,2013-01,493,255,1.07142857143
64,2012-12,238,-31,-0.115241635688
65,2012-11,269,-34,-0.112211221122
66,2012-10,303,-79,-0.206806282723
67,2012-09,382,80,0.264900662252
68,2012-08,302,-61,-0.168044077135
69,2012-07,363,134,0.585152838428
70,2012-06,229,-131,-0.363888888889
71,2012-05,360,21,0.0619469026549
72,2012-04,339,71,0.264925373134
73,2012-03,268,-88,-0.247191011236
74,2012-02,356,160,0.816326530612
75,2012-01,196,-117,-0.373801916933
76,2011-12,313,148,0.89696969697
77,2011-11,165,-277,-0.626696832579
78,2011-10,442,264,1.48314606742
79,2011-09,178,-248,-0.582159624413
80,2011-08,426,297,2.3023255814
81,2011-07,129,-48,-0.271186440678
82,2011-06,177,-310,-0.636550308008
83,2011-05,487,239,0.963709677419
84,2011-04,248,-179,-0.419203747073
85,2011-03,427,172,0.674509803922
86,2011-02,255,131,1.0564516129
87,2011-01,124,-157,-0.55871886121
88,2010-12,281,-39,-0.121875
89,2010-11,320,133,0.711229946524
90,2010-10,187,-76,-0.28897338403
91,2010-09,263,-159,-0.376777251185
92,2010-08,422,203,0.926940639269
93,2010-07,219,-129,-0.370689655172
94,2010-06,348,144,0.705882352941
95,2010-05,204,-20,-0.0892857142857
96,2010-04,224,-123,-0.35446685879
97,2010-03,347,26,0.0809968847352
98,2010-02,321,-202,-0.386233269598
99,2010-01,523,304,1.38812785388
100,2009-12,219,-131,-0.374285714286
101,2009-11,350,91,0.351351351351
102,2009-10,259,74,0.4
103,2009-09,185,-140,-0.430769230769
104,2009-08,325,137,0.728723404255
105,2009-07,188,-79,-0.295880149813
106,2009-06,267,-54,-0.168224299065
107,2009-05,321,-77,-0.193467336683
108,2009-04,398,-35,-0.080831408776
109,2009-03,433,70,0.192837465565
110,2009-02,363,-7,-0.0189189189189
111,2009-01,370,136,0.581196581197
112,2008-12,234,-61,-0.206779661017
113,2008-11,295,18,0.0649819494585
114,2008-10,277,-37,-0.117834394904
115,2008-09,314,-86,-0.215
116,2008-08,400,-112,-0.21875
117,2008-07,512,168,0.488372093023
118,2008-06,344,9,0.0268656716418
119,2008-05,335,112,0.502242152466
120,2008-04,223,-168,-0.429667519182
121,2008-03,391,-82,-0.173361522199
122,2008-02,473,262,1.24170616114
123,2008-01,211,-138,-0.395415472779
124,2007-12,349,-160,-0.314341846758
125,2007-11,509,148,0.409972299169
126,2007-10,361,-83,-0.186936936937
127,2007-09,444,170,0.620437956204
128,2007-08,274,-144,-0.344497607656
129,2007-07,418,34,0.0885416666667
130,2007-06,384,-125,-0.24557956778
131,2007-05,509,58,0.128603104213
132,2007-04,451,-7,-0.0152838427948
133,2007-03,458,-128,-0.21843003413
134,2007-02,586,-59,-0.0914728682171
135,2007-01,645,247,0.620603015075
136,2006-12,398,-26,-0.061320754717
137,2006-11,424,139,0.487719298246
138,2006-10,285,-26,-0.0836012861736
139,2006-09,311,-75,-0.194300518135
140,2006-08,386,10,0.0265957446809
141,2006-07,376,23,0.0651558073654
142,2006-06,353,-203,-0.365107913669
143,2006-05,556,139,0.333333333333
144,2006-04,417,41,0.109042553191
145,2006-03,376,-56,-0.12962962963
146,2006-02,432,247,1.33513513514
147,2006-01,185,-95,-0.339285714286
148,2005-12,280,-148,-0.345794392523
149,2005-11,428,62,0.169398907104
150,2005-10,366,43,0.133126934985
151,2005-09,323,-129,-0.285398230088
152,2005-08,452,143,0.462783171521
153,2005-07,309,-26,-0.0776119402985
154,2005-06,335,-16,-0.045584045584
155,2005-05,351,63,0.21875
156,2005-04,288,0,0.0
