,date,nums,increment,ratio
0,2018-04,12,-20,-0.625
1,2018-03,32,6,0.230769230769
2,2018-02,26,18,2.25
3,2018-01,8,-11,-0.578947368421
4,2017-12,19,4,0.266666666667
5,2017-11,15,-8,-0.347826086957
6,2017-10,23,5,0.277777777778
7,2017-09,18,-2,-0.1
8,2017-08,20,-4,-0.166666666667
9,2017-07,24,0,0.0
10,2017-06,24,0,0.0
11,2017-05,24,-5,-0.172413793103
12,2017-04,29,-17,-0.369565217391
13,2017-03,46,26,1.3
14,2017-02,20,-1,-0.047619047619
15,2017-01,21,-37,-0.637931034483
16,2016-12,58,40,2.22222222222
17,2016-11,18,-32,-0.64
18,2016-10,50,7,0.162790697674
19,2016-09,43,20,0.869565217391
20,2016-08,23,-8,-0.258064516129
21,2016-07,31,-4,-0.114285714286
22,2016-06,35,-10,-0.222222222222
23,2016-05,45,9,0.25
24,2016-04,36,-35,-0.492957746479
25,2016-03,71,21,0.42
26,2016-02,50,32,1.77777777778
27,2016-01,18,-6,-0.25
28,2015-12,24,-1,-0.04
29,2015-11,25,-5,-0.166666666667
30,2015-10,30,12,0.666666666667
31,2015-09,18,-3,-0.142857142857
32,2015-08,21,4,0.235294117647
33,2015-07,17,-23,-0.575
34,2015-06,40,21,1.10526315789
35,2015-05,19,-29,-0.604166666667
36,2015-04,48,-30,-0.384615384615
37,2015-03,78,56,2.54545454545
38,2015-02,22,12,1.2
39,2015-01,10,-21,-0.677419354839
40,2014-12,31,6,0.24
41,2014-11,25,-4,-0.137931034483
42,2014-10,29,-5,-0.147058823529
43,2014-09,34,-9,-0.209302325581
44,2014-08,43,7,0.194444444444
45,2014-07,36,5,0.161290322581
46,2014-06,31,7,0.291666666667
47,2014-05,24,-25,-0.510204081633
48,2014-04,49,8,0.19512195122
49,2014-03,41,19,0.863636363636
50,2014-02,22,-31,-0.584905660377
51,2014-01,53,8,0.177777777778
52,2013-12,45,33,2.75
53,2013-11,12,-9,-0.428571428571
54,2013-10,21,-30,-0.588235294118
55,2013-09,51,12,0.307692307692
56,2013-08,39,-5,-0.113636363636
57,2013-07,44,20,0.833333333333
58,2013-06,24,-13,-0.351351351351
59,2013-05,37,13,0.541666666667
60,2013-04,24,-29,-0.547169811321
61,2013-03,53,14,0.358974358974
62,2013-02,39,16,0.695652173913
63,2013-01,23,-22,-0.488888888889
64,2012-12,45,11,0.323529411765
65,2012-11,34,8,0.307692307692
66,2012-10,26,3,0.130434782609
67,2012-09,23,-8,-0.258064516129
68,2012-08,31,-11,-0.261904761905
69,2012-07,42,3,0.0769230769231
70,2012-06,39,1,0.0263157894737
71,2012-05,38,-3,-0.0731707317073
72,2012-04,41,-2,-0.046511627907
73,2012-03,43,-5,-0.104166666667
74,2012-02,48,17,0.548387096774
75,2012-01,31,-18,-0.367346938776
76,2011-12,49,-5,-0.0925925925926
77,2011-11,54,-9,-0.142857142857
78,2011-10,63,-32,-0.336842105263
79,2011-09,95,30,0.461538461538
80,2011-08,65,37,1.32142857143
81,2011-07,28,21,3.0
82,2011-06,7,-23,-0.766666666667
83,2011-05,30,3,0.111111111111
84,2011-04,27,22,4.4
85,2011-03,5,-7,-0.583333333333
86,2011-02,12,-1,-0.0769230769231
87,2011-01,13,-8,-0.380952380952
88,2010-12,21,-5,-0.192307692308
89,2010-11,26,13,1.0
90,2010-10,13,-8,-0.380952380952
91,2010-09,21,-3,-0.125
92,2010-08,24,-36,-0.6
93,2010-07,60,-33,-0.354838709677
94,2010-06,93,59,1.73529411765
95,2010-05,34,12,0.545454545455
96,2010-04,22,-5,-0.185185185185
97,2010-03,27,12,0.8
98,2010-02,15,3,0.25
99,2010-01,12,-20,-0.625
100,2009-12,32,-72,-0.692307692308
101,2009-11,104,42,0.677419354839
102,2009-10,62,-16,-0.205128205128
103,2009-09,78,14,0.21875
104,2009-08,64,24,0.6
105,2009-07,40,-6,-0.130434782609
106,2009-06,46,-60,-0.566037735849
107,2009-05,106,-29,-0.214814814815
108,2009-04,135,46,0.516853932584
109,2009-03,89,38,0.745098039216
110,2009-02,51,6,0.133333333333
111,2009-01,45,-30,-0.4
112,2008-12,75,29,0.630434782609
113,2008-11,46,29,1.70588235294
114,2008-10,17,-31,-0.645833333333
115,2008-09,48,-39,-0.448275862069
116,2008-08,87,59,2.10714285714
117,2008-07,28,-10,-0.263157894737
118,2008-06,38,-4,-0.0952380952381
119,2008-05,42,11,0.354838709677
120,2008-04,31,-19,-0.38
121,2008-03,50,18,0.5625
122,2008-02,32,-11,-0.255813953488
123,2008-01,43,-69,-0.616071428571
124,2007-12,112,60,1.15384615385
125,2007-11,52,-8,-0.133333333333
126,2007-10,60,-2,-0.0322580645161
127,2007-09,62,-10,-0.138888888889
128,2007-08,72,11,0.180327868852
129,2007-07,61,24,0.648648648649
130,2007-06,37,-1,-0.0263157894737
131,2007-05,38,5,0.151515151515
132,2007-04,33,6,0.222222222222
133,2007-03,27,-8,-0.228571428571
134,2007-02,35,-94,-0.728682170543
135,2007-01,129,48,0.592592592593
136,2006-12,81,35,0.760869565217
137,2006-11,46,-66,-0.589285714286
138,2006-10,112,72,1.8
139,2006-09,40,24,1.5
140,2006-08,16,8,1.0
141,2006-07,8,4,1.0
142,2006-06,4,-8,-0.666666666667
143,2006-05,12,-4,-0.25
144,2006-04,16,6,0.6
145,2006-03,10,-4,-0.285714285714
146,2006-02,14,6,0.75
147,2006-01,8,-6,-0.428571428571
148,2005-12,14,4,0.4
149,2005-11,10,-12,-0.545454545455
150,2005-10,22,10,0.833333333333
151,2005-09,12,6,1.0
152,2005-08,6,0,0.0
153,2005-07,6,0,0.0
154,2005-06,6,-6,-0.5
155,2005-05,12,10,5.0
156,2005-04,2,-8,-0.8
157,2005-03,10,-2,-0.166666666667
158,2005-02,12,6,1.0
159,2005-01,6,0,0.0
160,2004-12,6,-6,-0.5
161,2004-11,12,-1,-0.0769230769231
162,2004-10,13,-21,-0.617647058824
163,2004-09,34,25,2.77777777778
164,2004-08,9,-22,-0.709677419355
165,2004-07,31,1,0.0333333333333
166,2004-06,30,17,1.30769230769
167,2004-05,13,-16,-0.551724137931
168,2004-04,29,0,0.0
169,2004-03,29,3,0.115384615385
170,2004-02,26,-3,-0.103448275862
171,2004-01,29,13,0.8125
172,2003-12,16,-16,-0.5
173,2003-11,32,-2,-0.0588235294118
174,2003-10,34,30,7.5
175,2003-09,4,-4,-0.5
176,2003-08,8,-9,-0.529411764706
177,2003-07,17,9,1.125
178,2003-06,8,-7,-0.466666666667
179,2003-05,15,2,0.153846153846
180,2003-04,13,6,0.857142857143
181,2003-03,7,2,0.4
182,2003-02,5,-10,-0.666666666667
183,2003-01,15,-10,-0.4
184,2002-12,25,24,24.0
185,2002-10,1,-9,-0.9
186,2002-09,10,2,0.25
187,2002-08,8,0,0.0
