,date,nums,increment,ratio
0,2018-03,1,-5,-0.833333333333
1,2018-02,6,-27,-0.818181818182
2,2018-01,33,-32,-0.492307692308
3,2017-12,65,60,12.0
4,2017-11,5,2,0.666666666667
5,2017-10,3,-20,-0.869565217391
6,2017-09,23,-5,-0.178571428571
7,2017-08,28,3,0.12
8,2017-07,25,13,1.08333333333
9,2017-06,12,-45,-0.789473684211
10,2017-05,57,47,4.7
11,2017-04,10,2,0.25
12,2017-03,8,-64,-0.888888888889
13,2017-01,72,62,6.2
14,2016-12,10,4,0.666666666667
15,2016-10,6,5,5.0
16,2016-09,1,-1,-0.5
17,2016-07,2,-28,-0.933333333333
18,2016-06,30,-9,-0.230769230769
19,2016-05,39,6,0.181818181818
20,2016-04,33,-2,-0.0571428571429
21,2016-03,35,-1,-0.0277777777778
22,2016-02,36,-18,-0.333333333333
23,2016-01,54,13,0.317073170732
24,2015-12,41,33,4.125
25,2015-11,8,7,7.0
26,2015-10,1,-6,-0.857142857143
27,2015-09,7,-1,-0.125
28,2015-08,8,-5,-0.384615384615
29,2015-07,13,-4,-0.235294117647
30,2015-06,17,13,3.25
31,2015-05,4,1,0.333333333333
32,2015-01,3,2,2.0
33,2014-11,1,0,0.0
34,2014-10,1,-2,-0.666666666667
35,2014-09,3,1,0.5
36,2014-08,2,-1,-0.333333333333
37,2014-07,3,-1,-0.25
38,2014-06,4,-3,-0.428571428571
39,2014-05,7,-6,-0.461538461538
40,2014-03,13,12,12.0
41,2014-02,1,-2,-0.666666666667
42,2014-01,3,1,0.5
43,2013-12,2,-2,-0.5
44,2013-10,4,2,1.0
45,2013-09,2,-2,-0.5
46,2013-08,4,-1,-0.2
47,2013-07,5,2,0.666666666667
48,2013-06,3,-8,-0.727272727273
49,2013-05,11,5,0.833333333333
50,2013-04,6,1,0.2
51,2013-03,5,2,0.666666666667
52,2013-02,3,-2,-0.4
53,2013-01,5,-6,-0.545454545455
54,2012-12,11,4,0.571428571429
55,2012-11,7,-4,-0.363636363636
56,2012-09,11,-10,-0.47619047619
57,2012-08,21,-21,-0.5
58,2012-07,42,-4,-0.0869565217391
59,2012-06,46,-32,-0.410256410256
60,2012-05,78,38,0.95
61,2012-04,40,10,0.333333333333
62,2012-03,30,9,0.428571428571
63,2012-02,21,-3,-0.125
64,2012-01,24,-2,-0.0769230769231
65,2011-12,26,4,0.181818181818
66,2011-11,22,-18,-0.45
67,2011-10,40,17,0.739130434783
68,2011-09,23,-9,-0.28125
69,2011-08,32,13,0.684210526316
70,2011-07,19,-5,-0.208333333333
71,2011-06,24,-14,-0.368421052632
72,2011-05,38,15,0.652173913043
73,2011-04,23,-19,-0.452380952381
74,2011-03,42,-1,-0.0232558139535
75,2011-02,43,-31,-0.418918918919
76,2011-01,74,-4,-0.0512820512821
77,2010-12,78,12,0.181818181818
78,2010-11,66,43,1.86956521739
79,2010-10,23,-11,-0.323529411765
80,2010-09,34,-61,-0.642105263158
81,2010-08,95,25,0.357142857143
82,2010-07,70,44,1.69230769231
83,2010-06,26,-12,-0.315789473684
84,2010-05,38,-3,-0.0731707317073
85,2010-04,41,-16,-0.280701754386
86,2010-03,57,29,1.03571428571
87,2010-02,28,0,0.0
88,2010-01,28,10,0.555555555556
89,2009-12,18,-12,-0.4
90,2009-11,30,6,0.25
91,2009-10,24,-11,-0.314285714286
92,2009-09,35,-10,-0.222222222222
93,2009-08,45,10,0.285714285714
94,2009-07,35,-27,-0.435483870968
95,2009-06,62,38,1.58333333333
96,2009-05,24,-5,-0.172413793103
97,2009-04,29,-11,-0.275
98,2009-03,40,1,0.025641025641
99,2009-02,39,-13,-0.25
100,2009-01,52,10,0.238095238095
101,2008-12,42,11,0.354838709677
102,2008-11,31,-38,-0.550724637681
103,2008-10,69,13,0.232142857143
104,2008-09,56,-8,-0.125
105,2008-08,64,-30,-0.31914893617
106,2008-07,94,-3,-0.0309278350515
107,2008-06,97,-19,-0.163793103448
108,2008-05,116,-93,-0.444976076555
109,2008-04,209,-141,-0.402857142857
110,2008-03,350,182,1.08333333333
111,2008-02,168,20,0.135135135135
112,2008-01,148,34,0.298245614035
113,2007-12,114,11,0.106796116505
114,2007-11,103,23,0.2875
115,2007-10,80,9,0.12676056338
116,2007-09,71,-46,-0.393162393162
117,2007-08,117,-329,-0.737668161435
118,2007-07,446,72,0.192513368984
119,2007-06,374,177,0.89847715736
120,2007-05,197,26,0.152046783626
121,2007-04,171,-125,-0.422297297297
122,2007-03,296,-114,-0.278048780488
123,2007-02,410,213,1.08121827411
124,2007-01,197,40,0.254777070064
125,2006-12,157,-310,-0.663811563169
126,2006-11,467,-126,-0.212478920742
127,2006-10,593,144,0.320712694878
128,2006-09,449,224,0.995555555556
129,2006-08,225,47,0.26404494382
130,2006-07,178,-12,-0.0631578947368
131,2006-06,190,-106,-0.358108108108
132,2006-05,296,-28,-0.0864197530864
133,2006-04,324,26,0.0872483221477
134,2006-03,298,135,0.828220858896
135,2006-02,163,-255,-0.61004784689
136,2006-01,418,71,0.204610951009
137,2005-12,347,144,0.709359605911
138,2005-11,203,-22,-0.0977777777778
139,2005-10,225,-70,-0.237288135593
140,2005-09,295,-6,-0.0199335548173
141,2005-08,301,76,0.337777777778
142,2005-07,225,-119,-0.345930232558
143,2005-06,344,93,0.370517928287
144,2005-05,251,174,2.25974025974
145,2005-04,77,26,0.509803921569
146,2005-03,51,-227,-0.81654676259
147,2005-02,278,249,8.58620689655
148,2005-01,29,-149,-0.837078651685
149,2004-12,178,127,2.49019607843
150,2004-11,51,29,1.31818181818
151,2004-10,22,-5,-0.185185185185
152,2004-09,27,0,0.0
