,date,nums,increment,ratio
0,2018-04,189,-71,-0.273076923077
1,2018-03,260,109,0.721854304636
2,2018-02,151,6,0.0413793103448
3,2018-01,145,14,0.106870229008
4,2017-12,131,-23,-0.149350649351
5,2017-11,154,-78,-0.336206896552
6,2017-10,232,41,0.214659685864
7,2017-09,191,-46,-0.194092827004
8,2017-08,237,-5,-0.0206611570248
9,2017-07,242,-76,-0.238993710692
10,2017-06,318,14,0.0460526315789
11,2017-05,304,69,0.293617021277
12,2017-04,235,-31,-0.116541353383
13,2017-03,266,46,0.209090909091
14,2017-02,220,17,0.0837438423645
15,2017-01,203,64,0.460431654676
16,2016-12,139,-40,-0.223463687151
17,2016-11,179,-38,-0.175115207373
18,2016-10,217,69,0.466216216216
19,2016-09,148,9,0.0647482014388
20,2016-08,139,-9,-0.0608108108108
21,2016-07,148,-30,-0.168539325843
22,2016-06,178,-61,-0.255230125523
23,2016-05,239,-69,-0.224025974026
24,2016-04,308,12,0.0405405405405
25,2016-03,296,1,0.00338983050847
26,2016-02,295,61,0.260683760684
27,2016-01,234,59,0.337142857143
28,2015-12,175,11,0.0670731707317
29,2015-11,164,24,0.171428571429
30,2015-10,140,10,0.0769230769231
31,2015-09,130,-78,-0.375
32,2015-08,208,39,0.230769230769
33,2015-07,169,-59,-0.258771929825
34,2015-06,228,44,0.239130434783
35,2015-05,184,-135,-0.423197492163
36,2015-04,319,93,0.411504424779
37,2015-03,226,-6,-0.0258620689655
38,2015-02,232,-48,-0.171428571429
39,2015-01,280,67,0.31455399061
40,2014-12,213,15,0.0757575757576
41,2014-11,198,-28,-0.12389380531
42,2014-10,226,-36,-0.137404580153
43,2014-09,262,39,0.174887892377
44,2014-08,223,47,0.267045454545
45,2014-07,176,-4,-0.0222222222222
46,2014-06,180,-90,-0.333333333333
47,2014-05,270,56,0.261682242991
48,2014-04,214,-82,-0.277027027027
49,2014-03,296,52,0.213114754098
50,2014-02,244,78,0.469879518072
51,2014-01,166,33,0.248120300752
52,2013-12,133,-124,-0.482490272374
53,2013-11,257,66,0.34554973822
54,2013-10,191,-42,-0.18025751073
55,2013-09,233,70,0.429447852761
56,2013-08,163,-79,-0.326446280992
57,2013-07,242,85,0.541401273885
58,2013-06,157,5,0.0328947368421
59,2013-05,152,-66,-0.302752293578
60,2013-04,218,-108,-0.331288343558
61,2013-03,326,64,0.24427480916
62,2013-02,262,-228,-0.465306122449
63,2013-01,490,142,0.408045977011
64,2012-12,348,80,0.298507462687
65,2012-11,268,42,0.185840707965
66,2012-10,226,-177,-0.439205955335
67,2012-09,403,9,0.0228426395939
68,2012-08,394,-39,-0.0900692840647
69,2012-07,433,201,0.866379310345
70,2012-06,232,-61,-0.20819112628
71,2012-05,293,-126,-0.300715990453
72,2012-04,419,39,0.102631578947
73,2012-03,380,-26,-0.064039408867
74,2012-02,406,5,0.0124688279302
75,2012-01,401,169,0.728448275862
76,2011-12,232,28,0.137254901961
77,2011-11,204,50,0.324675324675
78,2011-10,154,-16,-0.0941176470588
79,2011-09,170,38,0.287878787879
80,2011-08,132,-147,-0.52688172043
81,2011-07,279,-77,-0.216292134831
82,2011-06,356,112,0.459016393443
83,2011-05,244,95,0.637583892617
84,2011-04,149,-93,-0.384297520661
85,2011-03,242,77,0.466666666667
86,2011-02,165,-97,-0.370229007634
87,2011-01,262,81,0.447513812155
88,2010-12,181,26,0.167741935484
89,2010-11,155,-135,-0.465517241379
90,2010-10,290,140,0.933333333333
91,2010-09,150,-10,-0.0625
92,2010-08,160,23,0.167883211679
93,2010-07,137,24,0.212389380531
94,2010-06,113,-23,-0.169117647059
95,2010-05,136,27,0.247706422018
96,2010-04,109,-121,-0.526086956522
97,2010-03,230,126,1.21153846154
98,2010-02,104,-16,-0.133333333333
99,2010-01,120,-49,-0.289940828402
100,2009-12,169,-31,-0.155
101,2009-11,200,-107,-0.348534201954
102,2009-10,307,77,0.334782608696
103,2009-09,230,-127,-0.355742296919
104,2009-08,357,211,1.44520547945
105,2009-07,146,-40,-0.215053763441
106,2009-06,186,30,0.192307692308
107,2009-05,156,32,0.258064516129
108,2009-04,124,13,0.117117117117
109,2009-03,111,12,0.121212121212
110,2009-02,99,5,0.0531914893617
111,2009-01,94,-56,-0.373333333333
112,2008-12,150,48,0.470588235294
113,2008-11,102,1,0.00990099009901
114,2008-10,101,-14,-0.121739130435
115,2008-09,115,-69,-0.375
116,2008-08,184,76,0.703703703704
117,2008-07,108,39,0.565217391304
118,2008-06,69,-2,-0.0281690140845
119,2008-05,71,21,0.42
120,2008-04,50,-51,-0.50495049505
121,2008-03,101,29,0.402777777778
122,2008-02,72,-39,-0.351351351351
123,2008-01,111,17,0.18085106383
124,2007-12,94,19,0.253333333333
125,2007-11,75,8,0.119402985075
126,2007-10,67,-14,-0.172839506173
127,2007-09,81,28,0.528301886792
128,2007-08,53,-37,-0.411111111111
129,2007-07,90,-48,-0.347826086957
130,2007-06,138,10,0.078125
131,2007-05,128,25,0.242718446602
132,2007-04,103,-3,-0.0283018867925
133,2007-03,106,-40,-0.27397260274
134,2007-02,146,-22,-0.130952380952
135,2007-01,168,56,0.5
136,2006-12,112,-12,-0.0967741935484
137,2006-11,124,85,2.17948717949
138,2006-10,39,2,0.0540540540541
139,2006-09,37,-12,-0.244897959184
140,2006-08,49,-4,-0.0754716981132
141,2006-07,53,-8,-0.131147540984
142,2006-06,61,-1,-0.0161290322581
143,2006-05,62,18,0.409090909091
144,2006-04,44,-21,-0.323076923077
145,2006-03,65,-16,-0.197530864198
146,2006-02,81,52,1.79310344828
147,2006-01,29,-17,-0.369565217391
148,2005-12,46,-5,-0.0980392156863
149,2005-11,51,19,0.59375
150,2005-10,32,23,2.55555555556
151,2005-09,9,-7,-0.4375
152,2005-08,16,-11,-0.407407407407
153,2005-07,27,-19,-0.413043478261
154,2005-06,46,-35,-0.432098765432
155,2005-05,81,20,0.327868852459
156,2005-04,61,13,0.270833333333
157,2005-03,48,13,0.371428571429
158,2005-02,35,3,0.09375
159,2005-01,32,-6,-0.157894736842
160,2004-12,38,-25,-0.396825396825
161,2004-11,63,-1,-0.015625
162,2004-10,64,-16,-0.2
163,2004-09,80,-31,-0.279279279279
164,2004-08,111,103,12.875
165,2004-07,8,-3,-0.272727272727
166,2004-06,11,-46,-0.80701754386
167,2004-05,57,13,0.295454545455
168,2004-04,44,-24,-0.352941176471
169,2004-03,68,27,0.658536585366
170,2004-02,41,-30,-0.422535211268
171,2004-01,71,54,3.17647058824
172,2003-12,17,-9,-0.346153846154
173,2003-11,26,-23,-0.469387755102
174,2003-10,49,-18,-0.268656716418
175,2003-09,67,61,10.1666666667
176,2003-08,6,5,5.0
177,2003-07,1,-7,-0.875
178,2003-06,8,-17,-0.68
179,2003-05,25,8,0.470588235294
180,2003-04,17,-3,-0.15
181,2003-03,20,15,3.0
182,2003-02,5,-34,-0.871794871795
183,2003-01,39,20,1.05263157895
184,2002-12,19,-4,-0.173913043478
185,2002-11,23,-16,-0.410256410256
186,2002-10,39,-13,-0.25
187,2002-09,52,39,3.0
188,2002-08,13,-24,-0.648648648649
189,2002-07,37,-19,-0.339285714286
190,2002-06,56,-7,-0.111111111111
191,2002-05,63,46,2.70588235294
192,2002-04,17,11,1.83333333333
193,2002-03,6,-39,-0.866666666667
194,2002-02,45,18,0.666666666667
195,2002-01,27,19,2.375
196,2001-12,8,-6,-0.428571428571
197,2001-11,14,-1,-0.0666666666667
198,2001-10,15,-14,-0.48275862069
199,2001-09,29,0,0.0
