,date,nums,increment,ratio
0,2018-04,109,-228,-0.676557863501
1,2018-03,337,-81,-0.193779904306
2,2018-02,418,52,0.142076502732
3,2018-01,366,65,0.215946843854
4,2017-12,301,-89,-0.228205128205
5,2017-11,390,-276,-0.414414414414
6,2017-10,666,184,0.381742738589
7,2017-09,482,14,0.0299145299145
8,2017-08,468,-204,-0.303571428571
9,2017-07,672,361,1.16077170418
10,2017-06,311,40,0.147601476015
11,2017-05,271,-40,-0.128617363344
12,2017-04,311,35,0.126811594203
13,2017-03,276,-9,-0.0315789473684
14,2017-02,285,-452,-0.613297150611
15,2017-01,737,268,0.571428571429
16,2016-12,469,-137,-0.226072607261
17,2016-11,606,-43,-0.0662557781202
18,2016-10,649,-81,-0.11095890411
19,2016-09,730,-97,-0.117291414752
20,2016-08,827,-20,-0.0236127508855
21,2016-07,847,319,0.604166666667
22,2016-06,528,184,0.53488372093
23,2016-05,344,-102,-0.22869955157
24,2016-04,446,-19,-0.0408602150538
25,2016-03,465,29,0.0665137614679
26,2016-02,436,-52,-0.106557377049
27,2016-01,488,-27,-0.052427184466
28,2015-12,515,32,0.0662525879917
29,2015-11,483,71,0.172330097087
30,2015-10,412,-113,-0.215238095238
31,2015-09,525,21,0.0416666666667
32,2015-08,504,-104,-0.171052631579
33,2015-07,608,1,0.00164744645799
34,2015-06,607,123,0.254132231405
35,2015-05,484,-111,-0.186554621849
36,2015-04,595,-308,-0.341085271318
37,2015-03,903,208,0.29928057554
38,2015-02,695,128,0.225749559083
39,2015-01,567,25,0.0461254612546
40,2014-12,542,-26,-0.0457746478873
41,2014-11,568,-200,-0.260416666667
42,2014-10,768,59,0.083215796897
43,2014-09,709,-94,-0.117061021171
44,2014-08,803,43,0.0565789473684
45,2014-07,760,127,0.200631911532
46,2014-06,633,-92,-0.126896551724
47,2014-05,725,-66,-0.0834386852086
48,2014-04,791,-14,-0.0173913043478
49,2014-03,805,-43,-0.0507075471698
50,2014-02,848,366,0.759336099585
51,2014-01,482,-232,-0.324929971989
52,2013-12,714,-484,-0.404006677796
53,2013-11,1198,663,1.23925233645
54,2013-10,535,294,1.21991701245
55,2013-09,241,-312,-0.564195298373
56,2013-08,553,151,0.375621890547
57,2013-07,402,-24,-0.056338028169
58,2013-06,426,146,0.521428571429
59,2013-05,280,-106,-0.274611398964
60,2013-04,386,-170,-0.305755395683
61,2013-03,556,181,0.482666666667
62,2013-02,375,-17,-0.0433673469388
63,2013-01,392,112,0.4
64,2012-12,280,52,0.228070175439
65,2012-11,228,-27,-0.105882352941
66,2012-10,255,-11,-0.0413533834586
67,2012-09,266,-100,-0.273224043716
68,2012-08,366,102,0.386363636364
69,2012-07,264,-36,-0.12
70,2012-06,300,-145,-0.325842696629
71,2012-05,445,107,0.316568047337
72,2012-04,338,-204,-0.376383763838
73,2012-03,542,352,1.85263157895
74,2012-02,190,-25,-0.116279069767
75,2012-01,215,-133,-0.382183908046
76,2011-12,348,-105,-0.23178807947
77,2011-11,453,207,0.841463414634
78,2011-10,246,-684,-0.735483870968
79,2011-09,930,252,0.371681415929
80,2011-08,678,225,0.496688741722
81,2011-07,453,7,0.0156950672646
82,2011-06,446,143,0.471947194719
83,2011-05,303,209,2.22340425532
84,2011-04,94,-82,-0.465909090909
85,2011-03,176,10,0.0602409638554
86,2011-02,166,-133,-0.444816053512
87,2011-01,299,20,0.0716845878136
88,2010-12,279,-53,-0.159638554217
89,2010-11,332,119,0.558685446009
90,2010-10,213,-38,-0.151394422311
91,2010-09,251,-25,-0.0905797101449
92,2010-08,276,137,0.985611510791
93,2010-07,139,-169,-0.548701298701
94,2010-06,308,-78,-0.20207253886
95,2010-05,386,6,0.0157894736842
96,2010-04,380,114,0.428571428571
97,2010-03,266,43,0.192825112108
98,2010-02,223,-123,-0.35549132948
99,2010-01,346,-65,-0.158150851582
100,2009-12,411,9,0.0223880597015
101,2009-11,402,128,0.467153284672
102,2009-10,274,-126,-0.315
103,2009-09,400,-99,-0.198396793587
104,2009-08,499,-224,-0.309820193638
105,2009-07,723,72,0.110599078341
106,2009-06,651,-226,-0.257696693273
107,2009-05,877,390,0.800821355236
108,2009-04,487,2,0.00412371134021
109,2009-03,485,131,0.370056497175
110,2009-02,354,-468,-0.569343065693
111,2009-01,822,213,0.349753694581
112,2008-12,609,-86,-0.123741007194
113,2008-11,695,201,0.406882591093
114,2008-10,494,81,0.19612590799
115,2008-09,413,-542,-0.567539267016
116,2008-08,955,-176,-0.155614500442
117,2008-07,1131,625,1.23517786561
118,2008-06,506,-28,-0.0524344569288
119,2008-05,534,-55,-0.0933786078098
120,2008-04,589,-105,-0.151296829971
121,2008-03,694,-75,-0.0975292587776
122,2008-02,769,43,0.0592286501377
123,2008-01,726,343,0.895561357702
124,2007-12,383,-189,-0.33041958042
125,2007-11,572,94,0.196652719665
126,2007-10,478,70,0.171568627451
127,2007-09,408,0,0.0
128,2007-08,408,-234,-0.364485981308
129,2007-07,642,204,0.465753424658
130,2007-06,438,-150,-0.255102040816
131,2007-05,588,158,0.367441860465
132,2007-04,430,53,0.140583554377
133,2007-03,377,-85,-0.183982683983
134,2007-02,462,-113,-0.19652173913
135,2007-01,575,-142,-0.198047419805
136,2006-12,717,178,0.330241187384
137,2006-11,539,22,0.0425531914894
138,2006-10,517,-14,-0.0263653483992
139,2006-09,531,-62,-0.10455311973
140,2006-08,593,-139,-0.189890710383
141,2006-07,732,310,0.734597156398
142,2006-06,422,-197,-0.318255250404
143,2006-05,619,272,0.78386167147
144,2006-04,347,-284,-0.450079239303
145,2006-03,631,224,0.550368550369
146,2006-02,407,-13,-0.0309523809524
147,2006-01,420,-384,-0.477611940299
148,2005-12,804,234,0.410526315789
149,2005-11,570,-92,-0.138972809668
150,2005-10,662,193,0.411513859275
151,2005-09,469,-57,-0.108365019011
152,2005-08,526,126,0.315
153,2005-07,400,-72,-0.152542372881
154,2005-06,472,235,0.991561181435
155,2005-05,237,-48,-0.168421052632
156,2005-04,285,-74,-0.206128133705
157,2005-03,359,-124,-0.256728778468
158,2005-02,483,180,0.594059405941
159,2005-01,303,120,0.655737704918
160,2004-12,183,4,0.0223463687151
161,2004-11,179,4,0.0228571428571
162,2004-10,175,-107,-0.379432624113
163,2004-09,282,25,0.0972762645914
164,2004-08,257,-52,-0.168284789644
165,2004-07,309,86,0.385650224215
166,2004-06,223,-249,-0.527542372881
167,2004-05,472,176,0.594594594595
168,2004-04,296,-160,-0.350877192982
169,2004-03,456,-39,-0.0787878787879
170,2004-02,495,-48,-0.0883977900552
171,2004-01,543,-150,-0.21645021645
172,2003-12,693,359,1.0748502994
173,2003-11,334,-23,-0.0644257703081
174,2003-10,357,-52,-0.127139364303
175,2003-09,409,-230,-0.359937402191
176,2003-08,639,161,0.336820083682
177,2003-07,478,-83,-0.147950089127
178,2003-06,561,73,0.149590163934
179,2003-05,488,41,0.0917225950783
180,2003-04,447,8,0.0182232346241
181,2003-03,439,-217,-0.330792682927
182,2003-02,656,62,0.104377104377
183,2003-01,594,168,0.394366197183
184,2002-12,426,-298,-0.411602209945
185,2002-11,724,-265,-0.267947421638
186,2002-10,989,472,0.912959381044
187,2002-09,517,-24,-0.0443622920518
188,2002-08,541,118,0.278959810875
189,2002-07,423,-68,-0.13849287169
190,2002-06,491,-84,-0.146086956522
191,2002-05,575,-38,-0.0619902120718
192,2002-04,613,-219,-0.263221153846
193,2002-03,832,603,2.63318777293
194,2002-02,229,-80,-0.258899676375
195,2002-01,309,-134,-0.302483069977
196,2001-12,443,198,0.808163265306
197,2001-11,245,-61,-0.199346405229
198,2001-10,306,-30,-0.0892857142857
199,2001-09,336,-290,-0.463258785942
200,2001-08,626,212,0.512077294686
201,2001-07,414,173,0.717842323651
202,2001-06,241,-288,-0.544423440454
203,2001-05,529,230,0.769230769231
204,2001-04,299,-23,-0.0714285714286
205,2001-03,322,44,0.158273381295
206,2001-02,278,-77,-0.216901408451
207,2001-01,355,55,0.183333333333
208,2000-12,300,-92,-0.234693877551
209,2000-11,392,-18,-0.0439024390244
210,2000-10,410,30,0.0789473684211
211,2000-09,380,-88,-0.188034188034
212,2000-08,468,80,0.20618556701
213,2000-07,388,-205,-0.345699831366
214,2000-06,593,85,0.167322834646
215,2000-05,508,137,0.369272237197
216,2000-04,371,-41,-0.0995145631068
217,2000-03,412,-43,-0.0945054945055
218,2000-02,455,267,1.42021276596
219,2000-01,188,-330,-0.637065637066
220,1999-12,518,155,0.426997245179
221,1999-11,363,37,0.113496932515
222,1999-10,326,-99,-0.232941176471
223,1999-09,425,212,0.995305164319
224,1999-08,213,-131,-0.380813953488
225,1999-07,344,188,1.20512820513
226,1999-06,156,-37,-0.19170984456
227,1999-05,193,-61,-0.240157480315
228,1999-04,254,0,0.0
