,date,nums,increment,ratio
0,2018-04,117,30,0.344827586207
1,2018-03,87,-4,-0.043956043956
2,2018-02,91,30,0.491803278689
3,2018-01,61,-23,-0.27380952381
4,2017-12,84,80,20.0
5,2017-11,4,-13,-0.764705882353
6,2017-10,17,-1,-0.0555555555556
7,2017-09,18,10,1.25
8,2017-07,8,5,1.66666666667
9,2017-05,3,-11,-0.785714285714
10,2017-04,14,11,3.66666666667
11,2017-03,3,-24,-0.888888888889
12,2017-02,27,-3,-0.1
13,2017-01,30,-46,-0.605263157895
14,2016-12,76,74,37.0
15,2016-11,2,-14,-0.875
16,2016-10,16,-21,-0.567567567568
17,2016-09,37,33,8.25
18,2016-08,4,-43,-0.914893617021
19,2016-07,47,44,14.6666666667
20,2016-06,3,-35,-0.921052631579
21,2016-05,38,2,0.0555555555556
22,2016-04,36,-6,-0.142857142857
23,2016-03,42,28,2.0
24,2016-02,14,9,1.8
25,2016-01,5,-2,-0.285714285714
26,2015-12,7,-2,-0.222222222222
27,2015-11,9,8,8.0
28,2015-10,1,-4,-0.8
29,2015-09,5,0,0.0
30,2015-07,5,-7,-0.583333333333
31,2015-06,12,-8,-0.4
32,2015-05,20,6,0.428571428571
33,2015-04,14,7,1.0
34,2015-03,7,-21,-0.75
35,2015-02,28,21,3.0
36,2015-01,7,4,1.33333333333
37,2014-12,3,-10,-0.769230769231
38,2014-11,13,10,3.33333333333
39,2014-09,3,-2,-0.4
40,2014-08,5,-17,-0.772727272727
41,2014-07,22,8,0.571428571429
42,2014-06,14,1,0.0769230769231
43,2014-05,13,-16,-0.551724137931
44,2014-04,29,2,0.0740740740741
45,2014-03,27,25,12.5
46,2014-02,2,-31,-0.939393939394
47,2014-01,33,4,0.137931034483
48,2013-12,29,27,13.5
49,2013-11,2,-1,-0.333333333333
50,2013-10,3,-5,-0.625
51,2013-09,8,-1,-0.111111111111
52,2013-08,9,6,2.0
53,2013-07,3,-2,-0.4
54,2013-06,5,-10,-0.666666666667
55,2013-05,15,6,0.666666666667
56,2013-04,9,-32,-0.780487804878
57,2013-03,41,37,9.25
58,2013-02,4,-8,-0.666666666667
59,2013-01,12,10,5.0
60,2012-12,2,1,1.0
61,2012-11,1,-1,-0.5
62,2012-09,2,-25,-0.925925925926
63,2012-08,27,18,2.0
64,2012-07,9,-8,-0.470588235294
65,2012-06,17,7,0.7
66,2012-05,10,-11,-0.52380952381
67,2012-04,21,-10,-0.322580645161
68,2012-03,31,1,0.0333333333333
69,2012-02,30,14,0.875
70,2012-01,16,4,0.333333333333
71,2011-12,12,3,0.333333333333
72,2011-11,9,3,0.5
73,2011-10,6,4,2.0
74,2011-09,2,-13,-0.866666666667
75,2011-08,15,-2,-0.117647058824
76,2011-07,17,15,7.5
77,2011-06,2,-2,-0.5
78,2011-05,4,-28,-0.875
79,2011-04,32,12,0.6
80,2011-03,20,9,0.818181818182
81,2011-02,11,-15,-0.576923076923
82,2011-01,26,6,0.3
83,2010-12,20,-26,-0.565217391304
84,2010-11,46,15,0.483870967742
85,2010-10,31,18,1.38461538462
86,2010-09,13,-21,-0.617647058824
87,2010-08,34,7,0.259259259259
88,2010-07,27,-20,-0.425531914894
89,2010-06,47,-6,-0.11320754717
90,2010-05,53,26,0.962962962963
91,2010-04,27,-16,-0.372093023256
92,2010-03,43,-54,-0.556701030928
93,2010-02,97,46,0.901960784314
94,2010-01,51,31,1.55
95,2009-12,20,-3,-0.130434782609
96,2009-11,23,-15,-0.394736842105
97,2009-10,38,-15,-0.283018867925
98,2009-09,53,-39,-0.423913043478
99,2009-08,92,24,0.352941176471
100,2009-07,68,51,3.0
101,2009-06,17,4,0.307692307692
102,2009-05,13,4,0.444444444444
103,2009-04,9,-3,-0.25
104,2009-03,12,-34,-0.739130434783
105,2009-02,46,7,0.179487179487
106,2009-01,39,-6,-0.133333333333
107,2008-12,45,-34,-0.430379746835
108,2008-11,79,6,0.0821917808219
109,2008-10,73,-25,-0.255102040816
110,2008-09,98,16,0.19512195122
111,2008-08,82,-9,-0.0989010989011
112,2008-07,91,41,0.82
113,2008-06,50,46,11.5
114,2008-05,4,-10,-0.714285714286
115,2008-04,14,-9,-0.391304347826
116,2008-03,23,10,0.769230769231
117,2008-02,13,-1,-0.0714285714286
118,2008-01,14,5,0.555555555556
119,2007-12,9,-32,-0.780487804878
120,2007-11,41,-3,-0.0681818181818
121,2007-10,44,-38,-0.463414634146
122,2007-09,82,17,0.261538461538
123,2007-08,65,3,0.0483870967742
124,2007-07,62,11,0.21568627451
125,2007-06,51,-47,-0.479591836735
126,2007-05,98,44,0.814814814815
127,2007-04,54,1,0.0188679245283
128,2007-03,53,35,1.94444444444
129,2007-02,18,-40,-0.689655172414
130,2007-01,58,-68,-0.539682539683
131,2006-12,126,-15,-0.106382978723
132,2006-11,141,-4,-0.0275862068966
133,2006-10,145,-45,-0.236842105263
134,2006-09,190,127,2.01587301587
135,2006-08,63,-14,-0.181818181818
136,2006-07,77,7,0.1
137,2006-06,70,30,0.75
138,2006-05,40,-30,-0.428571428571
139,2006-04,70,20,0.4
140,2006-03,50,1,0.0204081632653
141,2006-02,49,1,0.0208333333333
142,2006-01,48,-17,-0.261538461538
143,2005-12,65,-3,-0.0441176470588
144,2005-11,68,-4,-0.0555555555556
145,2005-10,72,9,0.142857142857
146,2005-09,63,-4,-0.0597014925373
147,2005-08,67,34,1.0303030303
148,2005-07,33,-19,-0.365384615385
149,2005-06,52,-96,-0.648648648649
150,2005-05,148,70,0.897435897436
151,2005-04,78,-183,-0.701149425287
152,2005-03,261,111,0.74
153,2005-02,150,-79,-0.344978165939
154,2005-01,229,92,0.671532846715
155,2004-12,137,54,0.650602409639
156,2004-11,83,25,0.431034482759
157,2004-10,58,-13,-0.183098591549
158,2004-09,71,12,0.203389830508
159,2004-08,59,12,0.255319148936
160,2004-07,47,-39,-0.453488372093
161,2004-06,86,42,0.954545454545
162,2004-05,44,-57,-0.564356435644
163,2004-04,101,41,0.683333333333
164,2004-03,60,-65,-0.52
165,2004-02,125,47,0.602564102564
166,2004-01,78,8,0.114285714286
167,2003-12,70,1,0.0144927536232
168,2003-11,69,-36,-0.342857142857
169,2003-10,105,-78,-0.426229508197
170,2003-09,183,30,0.196078431373
171,2003-08,153,-100,-0.395256916996
172,2003-07,253,157,1.63541666667
173,2003-06,96,-6,-0.0588235294118
174,2003-05,102,-73,-0.417142857143
175,2003-04,175,55,0.458333333333
176,2003-03,120,-48,-0.285714285714
177,2003-02,168,6,0.037037037037
178,2003-01,162,24,0.173913043478
179,2002-12,138,66,0.916666666667
180,2002-11,72,4,0.0588235294118
181,2002-10,68,-8,-0.105263157895
182,2002-09,76,28,0.583333333333
183,2002-08,48,-30,-0.384615384615
184,2002-07,78,52,2.0
185,2002-06,26,-3,-0.103448275862
186,2002-05,29,-470,-0.941883767535
187,2002-04,499,-13,-0.025390625
188,2002-03,512,-80,-0.135135135135
189,2002-02,592,55,0.102420856611
190,2002-01,537,107,0.248837209302
191,2001-12,430,220,1.04761904762
192,2001-11,210,118,1.28260869565
193,2001-10,92,41,0.803921568627
194,2001-09,51,-104,-0.670967741935
195,2001-08,155,-6,-0.0372670807453
196,2001-07,161,-20,-0.110497237569
197,2001-06,181,93,1.05681818182
198,2001-05,88,2,0.0232558139535
199,2001-04,86,-69,-0.445161290323
200,2001-03,155,65,0.722222222222
201,2001-02,90,-75,-0.454545454545
202,2001-01,165,63,0.617647058824
203,2000-12,102,-38,-0.271428571429
204,2000-11,140,55,0.647058823529
205,2000-10,85,-16,-0.158415841584
206,2000-09,101,11,0.122222222222
207,2000-08,90,-46,-0.338235294118
208,2000-07,136,89,1.89361702128
209,2000-06,47,37,3.7
210,2000-05,10,-6,-0.375
211,2000-04,16,-3,-0.157894736842
212,2000-03,19,-26,-0.577777777778
213,2000-02,45,12,0.363636363636
214,2000-01,33,0,0.0
