,date,nums,increment,ratio
0,2018-04,1,-1,-0.5
1,2018-03,2,-13,-0.866666666667
2,2018-02,15,13,6.5
3,2017-12,2,-1,-0.333333333333
4,2017-10,3,-1,-0.25
5,2017-08,4,3,3.0
6,2017-07,1,-3,-0.75
7,2017-06,4,-8,-0.666666666667
8,2017-05,12,10,5.0
9,2017-04,2,-1,-0.333333333333
10,2017-03,3,-4,-0.571428571429
11,2017-02,7,-7,-0.5
12,2017-01,14,8,1.33333333333
13,2016-12,6,-6,-0.5
14,2016-11,12,6,1.0
15,2016-10,6,0,0.0
16,2016-09,6,0,0.0
17,2016-07,6,-1,-0.142857142857
18,2016-06,7,-10,-0.588235294118
19,2016-05,17,11,1.83333333333
20,2016-04,6,-3,-0.333333333333
21,2016-03,9,8,8.0
22,2016-02,1,-1,-0.5
23,2015-10,2,1,1.0
24,2015-09,1,-2,-0.666666666667
25,2015-08,3,-4,-0.571428571429
26,2015-07,7,-6,-0.461538461538
27,2015-06,13,9,2.25
28,2015-05,4,-6,-0.6
29,2015-04,10,1,0.111111111111
30,2015-03,9,1,0.125
31,2015-01,8,-25,-0.757575757576
32,2014-12,33,7,0.269230769231
33,2014-11,26,15,1.36363636364
34,2014-10,11,-20,-0.645161290323
35,2014-09,31,25,4.16666666667
36,2014-08,6,-22,-0.785714285714
37,2014-07,28,6,0.272727272727
38,2014-06,22,-7,-0.241379310345
39,2014-05,29,8,0.380952380952
40,2014-04,21,4,0.235294117647
41,2014-03,17,-31,-0.645833333333
42,2014-02,48,29,1.52631578947
43,2014-01,19,0,0.0
44,2013-12,19,3,0.1875
45,2013-11,16,-46,-0.741935483871
46,2013-10,62,50,4.16666666667
47,2013-09,12,-7,-0.368421052632
48,2013-08,19,9,0.9
49,2013-07,10,-2,-0.166666666667
50,2013-06,12,-7,-0.368421052632
51,2013-05,19,0,0.0
52,2013-04,19,-22,-0.536585365854
53,2013-03,41,20,0.952380952381
54,2013-02,21,-50,-0.704225352113
55,2013-01,71,25,0.54347826087
56,2012-12,46,-15,-0.245901639344
57,2012-11,61,31,1.03333333333
58,2012-10,30,-11,-0.268292682927
59,2012-09,41,6,0.171428571429
60,2012-08,35,13,0.590909090909
61,2012-07,22,2,0.1
62,2012-06,20,-18,-0.473684210526
63,2012-05,38,-11,-0.224489795918
64,2012-04,49,35,2.5
65,2012-03,14,2,0.166666666667
66,2012-02,12,1,0.0909090909091
67,2012-01,11,10,10.0
68,2011-12,1,-1,-0.5
69,2011-11,2,-8,-0.8
70,2011-10,10,-41,-0.803921568627
71,2011-09,51,21,0.7
72,2011-08,30,1,0.0344827586207
73,2011-07,29,17,1.41666666667
74,2011-06,12,8,2.0
75,2011-05,4,-8,-0.666666666667
76,2011-04,12,8,2.0
77,2011-03,4,2,1.0
78,2011-02,2,-41,-0.953488372093
79,2011-01,43,42,42.0
80,2010-12,1,-4,-0.8
81,2010-11,5,0,0.0
82,2010-10,5,4,4.0
83,2010-08,1,-12,-0.923076923077
84,2010-05,13,-11,-0.458333333333
85,2010-04,24,22,11.0
86,2010-03,2,-3,-0.6
87,2010-02,5,-6,-0.545454545455
88,2010-01,11,-4,-0.266666666667
89,2009-12,15,10,2.0
90,2009-11,5,-21,-0.807692307692
91,2009-10,26,23,7.66666666667
92,2009-09,3,1,0.5
93,2009-08,2,-39,-0.951219512195
94,2009-07,41,18,0.782608695652
95,2009-06,23,-69,-0.75
96,2009-05,92,36,0.642857142857
97,2009-04,56,49,7.0
98,2009-03,7,-3,-0.3
99,2009-02,10,7,2.33333333333
100,2009-01,3,2,2.0
101,2008-12,1,-6,-0.857142857143
102,2008-11,7,0,0.0
103,2008-10,7,3,0.75
104,2008-09,4,-11,-0.733333333333
105,2008-08,15,-18,-0.545454545455
106,2008-07,33,21,1.75
107,2008-06,12,3,0.333333333333
108,2008-05,9,8,8.0
109,2008-04,1,-1,-0.5
110,2008-03,2,-1,-0.333333333333
111,2008-02,3,-10,-0.769230769231
112,2008-01,13,-55,-0.808823529412
113,2007-12,68,58,5.8
114,2007-11,10,-15,-0.6
115,2007-10,25,23,11.5
116,2007-09,2,-6,-0.75
117,2007-08,8,-11,-0.578947368421
118,2007-07,19,16,5.33333333333
119,2007-05,3,1,0.5
120,2007-04,2,-6,-0.75
121,2007-03,8,-4,-0.333333333333
122,2007-02,12,10,5.0
123,2007-01,2,-2,-0.5
124,2006-12,4,-5,-0.555555555556
125,2006-11,9,7,3.5
126,2006-10,2,1,1.0
127,2006-09,1,-4,-0.8
128,2006-08,5,4,4.0
129,2006-07,1,-4,-0.8
130,2006-06,5,4,4.0
131,2006-05,1,-1,-0.5
132,2006-04,2,-7,-0.777777777778
133,2006-03,9,1,0.125
134,2006-02,8,6,3.0
135,2004-12,2,-7,-0.777777777778
136,2004-11,9,-5,-0.357142857143
137,2004-10,14,7,1.0
138,2004-09,7,6,6.0
139,2004-06,1,0,0.0
140,2004-02,1,-4,-0.8
141,2003-12,5,4,4.0
142,2003-05,1,0,0.0
143,2003-04,1,0,0.0
144,2003-03,1,0,0.0
145,2003-02,1,0,0.0
146,2003-01,1,0,0.0
147,2002-12,1,0,0.0
148,2002-11,1,-3,-0.75
149,2002-09,4,-9,-0.692307692308
150,2002-08,13,12,12.0
151,2002-07,1,-12,-0.923076923077
152,2002-06,13,-2,-0.133333333333
153,2002-04,15,7,0.875
154,2002-03,8,-4,-0.333333333333
155,2002-02,12,8,2.0
156,2002-01,4,3,3.0
157,2001-12,1,-3,-0.75
158,2001-11,4,-13,-0.764705882353
159,2001-10,17,13,3.25
160,2001-07,4,2,1.0
161,2001-05,2,0,0.0
162,2001-04,2,-4,-0.666666666667
163,2001-01,6,0,0.0
164,2000-12,6,0,0.0
