,date,nums,increment,ratio
0,2018-04,3,-4,-0.571428571429
1,2018-03,7,-11,-0.611111111111
2,2018-02,18,8,0.8
3,2018-01,10,1,0.111111111111
4,2017-12,9,4,0.8
5,2017-11,5,-2,-0.285714285714
6,2017-10,7,1,0.166666666667
7,2017-09,6,-3,-0.333333333333
8,2017-08,9,7,3.5
9,2017-07,2,-2,-0.5
10,2017-06,4,-6,-0.6
11,2017-05,10,-3,-0.230769230769
12,2017-04,13,-28,-0.682926829268
13,2017-03,41,10,0.322580645161
14,2017-02,31,-29,-0.483333333333
15,2017-01,60,56,14.0
16,2015-11,4,-24,-0.857142857143
17,2015-10,28,0,0.0
18,2015-09,28,18,1.8
19,2015-08,10,-3,-0.230769230769
20,2015-07,13,6,0.857142857143
21,2015-06,7,2,0.4
22,2015-05,5,-10,-0.666666666667
23,2015-04,15,-14,-0.48275862069
24,2015-03,29,-2,-0.0645161290323
25,2015-02,31,8,0.347826086957
26,2015-01,23,-6,-0.206896551724
27,2014-12,29,-2,-0.0645161290323
28,2014-11,31,20,1.81818181818
29,2014-10,11,6,1.2
30,2014-09,5,-5,-0.5
31,2014-08,10,-2,-0.166666666667
32,2014-07,12,-15,-0.555555555556
33,2014-06,27,6,0.285714285714
34,2014-05,21,17,4.25
35,2014-04,4,-10,-0.714285714286
36,2014-03,14,-36,-0.72
37,2014-02,50,8,0.190476190476
38,2014-01,42,36,6.0
39,2013-12,6,2,0.5
40,2013-11,4,1,0.333333333333
41,2013-10,3,-13,-0.8125
42,2013-09,16,-8,-0.333333333333
43,2013-08,24,3,0.142857142857
44,2013-07,21,-3,-0.125
45,2013-06,24,-3,-0.111111111111
46,2013-05,27,23,5.75
47,2013-04,4,-28,-0.875
48,2013-03,32,2,0.0666666666667
49,2013-02,30,12,0.666666666667
50,2013-01,18,-42,-0.7
51,2012-12,60,-29,-0.325842696629
52,2012-11,89,55,1.61764705882
53,2012-10,34,16,0.888888888889
54,2012-09,18,6,0.5
55,2012-08,12,5,0.714285714286
56,2012-07,7,1,0.166666666667
57,2012-06,6,-9,-0.6
58,2012-05,15,9,1.5
59,2012-04,6,1,0.2
60,2012-03,5,0,0.0
61,2012-02,5,-5,-0.5
62,2012-01,10,-33,-0.767441860465
63,2011-12,43,25,1.38888888889
64,2011-11,18,-4,-0.181818181818
65,2011-10,22,-30,-0.576923076923
66,2011-09,52,35,2.05882352941
67,2011-08,17,-4,-0.190476190476
68,2011-07,21,9,0.75
69,2011-06,12,8,2.0
70,2011-05,4,2,1.0
71,2011-04,2,-3,-0.6
72,2011-03,5,-41,-0.891304347826
73,2011-02,46,14,0.4375
74,2011-01,32,12,0.6
75,2010-12,20,-18,-0.473684210526
76,2010-11,38,12,0.461538461538
77,2010-10,26,-28,-0.518518518519
78,2010-09,54,3,0.0588235294118
79,2010-08,51,19,0.59375
80,2010-07,32,15,0.882352941176
81,2010-06,17,-17,-0.5
82,2010-05,34,-35,-0.507246376812
83,2010-04,69,26,0.604651162791
84,2010-03,43,26,1.52941176471
85,2010-02,17,-31,-0.645833333333
86,2010-01,48,25,1.08695652174
87,2009-12,23,-34,-0.59649122807
88,2009-11,57,-49,-0.462264150943
89,2009-10,106,6,0.06
90,2009-09,100,-71,-0.415204678363
91,2009-08,171,51,0.425
92,2009-07,120,-23,-0.160839160839
93,2009-06,143,-92,-0.391489361702
94,2009-05,235,67,0.39880952381
95,2009-04,168,-163,-0.492447129909
96,2009-03,331,210,1.73553719008
97,2009-02,121,21,0.21
98,2009-01,100,-56,-0.358974358974
99,2008-12,156,9,0.0612244897959
100,2008-11,147,111,3.08333333333
101,2008-10,36,-24,-0.4
102,2008-09,60,45,3.0
103,2008-08,15,-29,-0.659090909091
104,2008-07,44,5,0.128205128205
105,2008-06,39,24,1.6
106,2008-05,15,-26,-0.634146341463
107,2008-04,41,4,0.108108108108
108,2008-03,37,-11,-0.229166666667
109,2008-02,48,-40,-0.454545454545
110,2008-01,88,61,2.25925925926
111,2007-12,27,-14,-0.341463414634
112,2007-11,41,-37,-0.474358974359
113,2007-10,78,-25,-0.242718446602
114,2007-09,103,58,1.28888888889
115,2007-08,45,24,1.14285714286
116,2007-07,21,-42,-0.666666666667
117,2007-06,63,35,1.25
118,2007-05,28,-12,-0.3
119,2007-04,40,-13,-0.245283018868
120,2007-03,53,-37,-0.411111111111
121,2007-02,90,2,0.0227272727273
122,2007-01,88,36,0.692307692308
123,2006-12,52,33,1.73684210526
124,2006-11,19,-534,-0.965641952984
125,2006-10,553,544,60.4444444444
126,2006-09,9,-13,-0.590909090909
127,2006-08,22,-68,-0.755555555556
128,2006-07,90,46,1.04545454545
129,2006-06,44,15,0.51724137931
130,2006-05,29,-9,-0.236842105263
131,2006-04,38,-1,-0.025641025641
132,2006-03,39,-42,-0.518518518519
133,2006-02,81,11,0.157142857143
134,2006-01,70,-3,-0.041095890411
135,2005-12,73,-122,-0.625641025641
136,2005-11,195,-656,-0.770857814336
137,2005-10,851,284,0.500881834215
138,2005-09,567,369,1.86363636364
139,2005-08,198,-110,-0.357142857143
140,2005-07,308,-36,-0.104651162791
141,2005-06,344,24,0.075
142,2005-05,320,-15,-0.044776119403
143,2005-04,335,50,0.175438596491
144,2005-03,285,180,1.71428571429
145,2005-02,105,74,2.38709677419
146,2005-01,31,-20,-0.392156862745
147,2004-12,51,41,4.1
148,2004-11,10,-40,-0.8
149,2004-10,50,-93,-0.65034965035
150,2004-09,143,40,0.388349514563
151,2004-08,103,44,0.745762711864
152,2004-07,59,-48,-0.448598130841
153,2004-06,107,67,1.675
154,2004-05,40,-21,-0.344262295082
155,2004-04,61,13,0.270833333333
156,2004-03,48,32,2.0
157,2004-02,16,-14,-0.466666666667
158,2004-01,30,28,14.0
159,2003-12,2,-13,-0.866666666667
160,2003-10,15,4,0.363636363636
161,2003-09,11,0,0.0
